[GUI]
ImGuiCol_ButtonDefault_X=0.117647
ImGuiCol_ButtonDefault_Y=0.133333
ImGuiCol_ButtonDefault_Z=0.149020
ImGuiCol_ButtonDefault_W=0.000000
imguicol_windowbgdefault_x=0.000000
imguicol_windowbgdefault_y=0.000000
imguicol_windowbgdefault_z=0.000000
imguicol_windowbgdefault_w=1.000000
imguicol_childbgdefault_x=0.000000
imguicol_childbgdefault_y=0.023911
imguicol_childbgdefault_z=0.071730
imguicol_childbgdefault_w=0.800000
imguicol_buttonhovereddefault_x=0.182173
imguicol_buttonhovereddefault_y=0.189799
imguicol_buttonhovereddefault_z=0.197425
imguicol_buttonhovereddefault_w=1.000000
imguicol_buttonactivedefault_x=0.154505
imguicol_buttonactivedefault_y=0.154505
imguicol_buttonactivedefault_z=0.154506
imguicol_buttonactivedefault_w=1.000000
primary_x=0.545602
primary_y=0.545602
primary_z=0.545602
primary_w=1.000000
alert_x=0.539111
alert_y=0.072924
alert_z=0.000000
alert_w=1.000000
secundary_x=0.000000
secundary_y=0.104443
secundary_z=0.292438
secundary_w=1.000000
active_x=0.000000
active_y=0.792836
active_z=0.837715
active_w=1.000000
title_x=1.000000
title_y=1.000000
title_z=1.000000
title_w=1.000000
logo_x=1.000000
logo_y=1.000000
logo_z=1.000000
logo_w=1.000000